1	0.643180106463
10	0.723100323088
100	0.686963986395
11	0.83576064076
12	0.733308361694
13	0.839648479372
14	0.761756088822
15	0.790440729542
16	0.905738028435
17	0.932993247201
18	0.693298666177
19	0.643926084559
2	0.638097608283
20	0.861583799381
21	0.846115963323
22	0.676228358187
23	1.07325996824
24	0.619612181435
25	0.941943132961
26	0.87604145269
27	0.834183911956
28	0.705444466619
29	0.78122751242
3	0.693961262636
30	0.76355538123
31	0.826756135516
32	0.721112152043
33	1.05049717057
34	0.740025821414
35	0.843121250179
36	0.836716196759
37	1.04017795205
38	0.792715510361
39	0.858789282291
4	1.0218838064
40	0.794717484999
41	0.82580604706
42	0.757845935554
43	1.05781810618
44	0.942601965097
45	0.62281351997
46	1.07021302179
47	0.618302272572
48	0.77059270572
49	0.898405257414
5	0.707533283987
50	0.770290309256
51	0.956832715613
52	1.01114730755
53	0.60131331776
54	0.720962581697
55	0.942681874225
56	0.730408696576
57	0.797725199711
58	0.70654081263
59	0.646233286677
6	0.843893069377
60	0.695222734289
61	0.894278517131
62	0.739593155394
63	0.731497413357
64	0.853564952312
65	0.774569648367
66	0.803502943051
67	0.979522060835
68	0.766276856834
69	0.830994244987
7	0.951368416841
70	0.812852852435
71	0.932462547254
72	0.908233748135
73	0.862782152158
74	0.93289830222
75	0.810983655655
76	0.908288042124
77	0.681366979663
78	0.849495682883
79	0.616648456999
8	0.766204396624
80	0.947215135043
81	0.673934845058
82	0.623015973925
83	0.611524806734
84	0.544329970737
85	0.672829003831
86	0.664646453456
87	0.985914903344
88	0.985194180068
89	0.606188621547
9	0.864205334736
90	0.5920907788
91	0.656479478396
92	0.720622284799
93	1.03409975527
94	0.785078904006
95	0.753043919176
96	0.854108580833
97	0.965319542919
98	0.792081062578
99	1.04705888459
